010011111
010011010
010100110
010011000
001011100
001101010
001101111
001111011
010000011
010000000
010000101
010000101
010000110
010000110
001111111
010000001
010000000
001111110
001111101
001110011
010000111
010011100
010011001
010011001
010011010
011001000
010011111
001110001
001111011
001111100
001111000
001110010
010011101
010011000
010100101
010011000
001011010
001100101
001101100
001110111
001111101
010000011
001111111
010000001
010000101
001111101
010000001
010000010
010000011
001111011
001111100
001111000
001101010
010011100
010011111
010011011
010011010
010010010
011010101
001101111
001110110
001111101
001011111
000101011
010011110
010100010
010011110
010010110
001100011
001100111
001100110
001111001
001111101
001111101
010000010
001111111
001111100
001111101
001111001
001111111
001111101
010000000
001111110
001110101
001110011
010010101
010011011
010011010
010011110
010010001
010110110
011010001
001101100
001011111
000111001
000110011
010100111
010000011
010100000
010010100
001010101
001101000
001110000
001111010
001111111
010000000
001111001
001111110
010010010
010100011
010110001
010110101
010011101
001111010
010000000
001111000
001100110
010010011
010010110
010011000
010001111
010001101
010001010
011011000
001100111
000101111
000110000
000110000
010100001
001011011
010101010
010010110
001011000
001101010
001101011
001110001
001111011
001111001
001110111
001111000
010001100
010001000
010101001
010111110
011000100
011001010
001100010
001101111
001100000
010011001
010001010
010010001
010001111
010001111
010010011
010011001
000101001
000111100
000110001
000110111
001011000
001011101
010101110
010001110
001010011
001101000
001100100
001110100
001111000
001100011
001111110
001110100
010001000
010010001
010110000
010111000
011010111
011001000
011010100
001011000
001011110
010011001
010010010
001010111
010010010
010001101
010010110
000101100
000110010
000111001
001001100
010011101
001100000
001100100
010011110
010010101
001010101
001100100
001100101
001110100
001110011
001110100
001101110
010001000
010001110
010001011
011000000
010111100
011000001
011010101
011001110
011010100
001001101
010011011
010001110
000101100
010000011
010001101
000111001
000111010
000101111
000111011
010001111
010100011
001010110
001011000
010100101
010001110
001001101
001100000
001101011
001101110
001011100
001110110
010000001
001110010
001111001
010110110
010100110
010110001
011000111
011001000
011001101
011001010
010101110
010011001
010010100
000100111
011010000
011011101
000101011
000110010
000110101
001100100
010011100
010011111
001100010
001100001
010100110
010011010
001010011
001100100
001101100
001011110
001100010
001111000
001111101
001101010
010001110
010110011
010111001
010100101
010111110
010111101
010100101
011001000
011001000
010010110
010000000
011000001
011001100
011011011
000101100
000101010
000100100
010001100
010100000
010011010
001100111
001011111
010101011
010011001
001010101
001011111
001100100
010101001
001111101
001101101
001110101
010000011
010010110
010100101
010110011
010101100
010101100
010111000
011000001
010100010
010100010
010110001
011001110
011000101
011010000
011010100
000101010
000110100
010010100
010011111
010011100
010011010
001011110
001100001
010101111
010100010
001011001
001011110
001100110
011001111
010010000
001100101
010001001
010010000
010001000
010010111
010011000
010100001
010100010
010101011
010011011
011001010
010111111
011000001
011001000
011010011
010000111
011000011
000111001
000111011
010010100
010100000
010011110
010011110
001101110
001101101
010101010
010011111
001010100
001100000
001100101
010100000
010010001
001110010
010001011
010000010
010001000
010000011
001101001
001011000
001010101
000011111
010100100
011000001
011000100
011000100
011010111
001011000
010111001
000110010
000110101
010010100
010100011
010011010
010011001
010011001
001100111
001100111
010101001
010100100
001010101
001100000
001011110
001011100
010101010
010000001
001111010
010000111
001010000
000111010
000110001
001100100
000010111
011000111
010110100
010100111
010111111
001110110
010001110
010110110
000101101
000111011
000110010
010010101
010101000
010100001
010011111
010010110
001100111
001011000
010101111
010011110
001001110
001100101
001100001
001101110
011001101
001110100
010001011
001011001
000111001
001000010
000110000
000101011
010010000
010110100
010110011
011000100
011000100
001011001
010000001
000101000
000111010
000101011
001111011
010100000
010100001
010011111
010100011
010011101
001100111
001100011
010100111
010100101
001011001
001100001
001101101
001110101
010110110
001111001
001001010
001000000
000100111
001011000
000011100
010100110
010011111
010100011
010101001
011000001
011001111
010000110
001011110
000101011
001000101
000110110
010000011
010011111
010001111
010010100
010010110
010011001
001100100
001010111
010110010
010100001
001010011
001101010
001100010
001111100
000100101
001000110
000100111
000101110
000101101
000100000
010110000
010011001
001111000
001001010
010101011
011000010
011001010
001110001
000101010
000110101
000110100
000111000
010100011
010011111
010011101
010011010
010010111
010001101
001011101
001001100
010101111
010011111
001010101
001011111
001010100
010011000
000111000
001110110
001000011
001111100
000111111
010100100
010111011
001001101
000101011
000111100
010000010
011001110
000100110
000100111
000101000
001000011
000110011
010010011
010011011
010011000
010010111
010011110
010001110
010001001
001100101
001000101
010110001
010101100
001011010
001101010
010001001
000100010
010000010
001100001
001110101
000101111
000100011
010101011
001101011
010010010
001111010
010010111
001111111
011010100
001111001
001011100
001000111
001000000
000111011
010000011
010011000
010010110
010010101
010001001
010011111
010111110
001001110
000111110
010101001
010101001
001010111
010000011
001011111
000111100
000110110
000101011
001001000
000101010
001101101
000011111
001111011
010011110
010110001
010100011
010001100
011010011
010011101
001111100
001010010
001011001
000101111
010011110
010011000
010010100
010010001
010100010
011000110
010111111
001000111
000101010
010110000
010100101
001001001
010000001
001001110
001001000
000100111
000110011
001101001
000011011
011010000
001011110
001111000
010001111
010011111
010011101
001111100
010101111
010010100
001011001
001001010
010011110
001111011
010011011
010010110
010010100
010000100
011000001
011001011
011001111
001010000
001001100
010100111
010101011
001010101
001011001
000100101
000110100
010010110
000110101
000110000
010001000
000101010
001101100
010000101
010001011
010011011
010011001
010001000
010100000
010001100
000110110
001010010
010010110
010010111
010011000
010010010
010010100
010010111
011001000
011001111
011001110
001000011
001001001
010101000
010101101
001010001
001000011
000111010
001000110
001111101
001001110
011000000
000101101
000110000
001001101
001110110
010001100
010001110
010010000
010100010
010111100
010000011
000101101
001000111
010101000
010001110
010010111
010010000
010001111
010110110
011001111
011001100
011010101
000111100
001011011
010101101
010110001
001000111
001000011
001100001
010000010
001100011
001111110
010101101
000110111
000101001
000111100
001101110
001111110
010010111
001111001
010010010
010001101
000101101
001000001
001000001
001110101
010011011
010011000
010010010
010010010
011000110
011010011
011010010
011010011
000110100
001101010
010101000
010101010
001010100
001010010
000110110
001000001
001101100
001100011
000110010
000110111
000101111
000110110
001001101
001101000
010001101
010100101
010100111
001101110
000101110
000101011
001001101
001101110
010011101
010011000
010010000
010000111
011010100
011010000
011010111
011001101
000110101
001001100
010100111
010101001
001011100
001100100
001000010
010000001
001011101
010000011
000100111
000110001
000110100
000110011
000110010
001111111
010001010
010010001
010011000
011001100
000110001
000110101
001010011
010001000
001101111
001110001
010000111
001111111
011011000
011010010
010011110
000110110
010010100
000111110
010101010
010101010
001100111
000101001
001000111
001100100
000111101
010001011
001101001
000101110
000110010
000101101
000110111
001110110
010001001
010001000
010100010
010111110
011001110
010110101
001000100
010011101
010010011
010001100
001111001
001111010
011010101
010110101
001011010
001100001
001101000
001101111
010101100
010101010
000100111
000101100
001100100
000101010
001011100
001011101
001010111
000101010
000110010
000110100
001110000
010000100
010001000
010010000
010011011
010101100
011000011
011010101
000100110
010010011
010010000
010001110
001111101
010110000
011010001
001010101
001101101
001100110
000111011
001110110
010110000
010101111
001000101
000101111
001111000
000110011
000011110
001110111
010010001
001010010
000101111
001000110
001111001
001111110
010001001
010001011
010011000
010100110
010111111
011010010
011011000
010010001
010001111
010001010
001111010
011001100
011001010
001011111
001100100
001011110
000101010
010001001
010101000
010101111
001000011
001001100
000111111
000101000
000110001
001110110
001111110
000111010
000101111
001100111
001000100
010001100
010001010
010000111
010010000
010011111
010110111
011001010
011010011
001111000
010010100
010001110
010001111
011000110
001110101
001101001
001101011
001100001
000101110
010100100
010100010
010110100
001010000
000101011
000101010
000111011
000110100
001110001
000101101
000110101
000110010
001110101
001110011
010001100
010001010
010001100
010001010
010010110
010101001
011001010
011010110
001010110
001010111
000101010
010111110
011010111
000111001
001100000
001011001
001000111
001110011
010101001
010100100
010110110
000100000
001000011
000101111
001100001
000101000
001010000
000101001
000100111
001001101
001100110
010000010
010001001
010001111
010010100
010001010
010010111
010011111
010110001
011010101
011000010
001101000
001010110
011000111
000111100
001010000
001000110
001110100
001000010
000110011
011001010
010100101
010101110
001000111
000110101
000101100
001110000
000101100
001110000
001000111
001001000
001111000
001111110
010000101
010001100
010001010
010010101
010010011
010001111
010011111
010110011
011000100
011010100
001100101
001110100
001101011
001100011
001001101
001100100
001011000
000111011