00000
003c7
01ca6
00f3c
00000
00000
00000
00000
00173
001fb
00292
004e2
005a0
00280
00173
002f4
00233
00352
004d6
00000
00000
001ab
000c6
00235
00000
0081e
00969
0013d
01578
0257f
002be
005b1
01c85
0104a
00000
00000
00000
00000
0015f
00285
00000
00000
00000
00000
00000
00000
000cb
002fa
006dc
00000
00000
002f3
0042d
00733
00000
00000
01575
01b76
0227b
01ff7
00907
0022c
01c19
00ff3
00000
00000
00000
0007e
00387
003c9
00000
00000
00000
00000
00000
00000
00000
00691
00c3c
00000
00000
00362
0064b
007c6
003ac
00000
02f8b
040ec
01bb8
00a3d
002ad
00000
01f47
00e10
00000
00000
00000
00526
00642
00341
00000
00000
00000
00000
00000
00000
00000
00685
00abf
00000
00000
00d15
00a7e
004df
00000
00c3d
03fc1
03917
004ed
00000
00000
00000
0222c
00e6a
00000
00000
00000
004c0
002b7
00000
00000
00000
00000
00000
00000
00000
00186
0032f
004fd
00000
00000
01f2e
00e78
00000
00fca
02e03
035a7
01103
00000
00000
00000
00000
0216a
00f82
00000
00000
000bd
0052b
00000
00000
00000
00000
00000
00000
00000
00000
001c1
005fd
00e42
00000
00000
02ab8
00000
00000
014b8
02e3e
01614
00000
00000
00000
00000
00000
01ed7
00f4e
00000
00000
00714
0015a
00000
00081
00000
00000
00000
00000
00000
00000
00924
009c9
00f66
00000
00000
0142c
00000
00000
02343
029d4
005ab
00000
00000
00000
00000
00000
01e32
00e17
00000
00000
00000
00000
00000
003d1
00000
00000
00000
003f8
00000
000c5
00a28
0084c
00af5
011e5
00412
00000
00000
00000
043a5
0388e
00000
00000
00000
00000
00000
00000
01ec3
011e3
00000
00000
00000
00000
00000
00000
00000
00000
00000
009d9
006fc
00249
00864
003b5
001de
003c8
00000
00000
00000
006f8
044c6
032f9
00000
00000
00000
00000
00000
00000
020fd
01417
00000
00000
00000
0193d
00000
00000
00000
00117
00ba2
018b2
01e04
02617
01b2f
0036c
00000
00000
00000
00cab
01f4a
0229e
049e9
02251
00000
00000
00000
00320
00000
00000
022c6
015a9
00000
00000
001de
01853
00000
00000
00d6e
01796
02427
0220b
02796
01ada
00000
00000
00000
010bc
01045
02122
0277f
031b1
03e78
00000
00000
00000
00023
00321
00000
00000
022ef
014ef
00000
00000
00000
00000
0061a
00473
01cfa
0251a
022d0
013df
0087f
00000
00000
00000
00000
01df4
022a2
02691
03495
0329b
010ac
00000
00000
00000
001dd
000fa
00000
00000
022f8
0135f
00000
00000
00000
00000
01b9e
01838
029ec
014f5
00920
00000
00000
00000
00000
00294
00000
019f7
01798
01ded
03296
01892
00000
00000
00000
004f4
00692
004f3
00000
00000
021a9
011d8
00000
00000
00000
0232c
039f2
02743
021e4
0083e
00000
00000
00000
00000
009d2
00000
00000
01de9
02883
02456
01119
00000
00000
00000
00000
004af
002ec
005d7
00000
00000
0236f
014f1
00000
00000
0105e
01bf8
01dc3
005d6
00000
00000
00000
00000
00e4b
033b2
00de7
00000
01284
04447
04b86
02174
00460
00000
00000
00000
00000
000e5
00076
005ff
00000
00000
021c2
01182
00000
00000
01035
00000
00000
00000
00005
00000
00000
0027b
0262a
006ac
00000
00000
01cb9
03bbb
021e1
0011d
00000
00000
00000
00000
00618
00589
00554
00000
00000
00000
0216e
00dbd
00000
00f97
01444
00c7a
00a68
016d6
01375
00000
00000
01599
00000
00000
00000
00000
00535
01034
00000
00000
00000
00000
00000
00000
00423
00284
00000
00000
00000
00000
02657
00e63
00000
01d9b
01171
00de6
00b2b
014cc
00000
00000
00000
00000
00000
00000
0053d
00000
0050b
0226c
014fc
00000
00000
00000
00000
00000
00637
00000
00000
00000
00000
00000
024f1
01138
011d1
02189
00099
00000
00000
00000
00000
00000
00000
00000
00000
00497
011ca
00000
0085b
030e9
02564
00000
00000
00000
00000
00535
004d9
00000
00000
00000
00000
00000
0233a
01a8a
016b1
01598
00000
00000
00000
00000
002f7
0144f
009b7
00000
00000
00192
00773
00000
00000
02ed0
01d46
00000
00000
00000
00000
004df
00000
00000
00000
00000
00000
00000
0240b
024c8
007a3
00000
00000
00000
00000
00000
02193
0092d
00000
00000
00000
004da
0045c
00000
019fc
039ae
0161b
00000
00000
0034e
00237
00366
00000
00000
00000
00000
00000
00000
02623
02154
00000
00000
00000
00000
00000
02ad8
03074
00000
00000
00000
00000
00000
00000
002eb
03527
03718
00959
00000
00000
00000
001e2
004ca
00000
00000
00000
00000
00000
00000
023d2
018a8
0008f
00000
00000
00000
01436
02cd4
01cc4
00000
00000
00000
00000
00000
00000
00000
02112
01757
00000
00000
00000
00153
00d76
00aef
00000
00000
0078b
024e5
00000
00000
01d41
01eb8
00d68
00000
00000
00000
009bb
00cc5
00000
0017c
00000
00000
00000
00000
00000
00000
004f6
00000
00000
00000
00000
00000
00672
008dd
00000
00000
024c5
04286
00000
00000
02635
03299
00dd0
00000
00b70
000b0
004f1
0190e
00545
000c2
00000
00000
00000
00000
00000
00000
00000
00000
00000
00000
00000
00000
00000
00000
00000
00152
03cd0
02f05
00000
00000
02cac
03045
00000
00000
00e5f
00000
00000
011e4
00a0a
00000
00000
00000
00000
00000
00000
00000
00000
00000
01cd5
00000
00000
0068b
009e1
00000
00000
017ed
03364
00f5a
00000
00000
02acf
02010
00000
008d2
016bb
00000
00000
008df
01264
00000
00000
00000
00000
00000
00000
00000
00000
00000
00248
00000
00000
00387
00576
00000
00000
03154
02098
00000
00000
00000
02828
0253e
003af
01228
010ae
00000
00000
027c1
025bb
00000
00000
00000
00000
00000
00000
00000
00000
00000
00000
029bb
02894
01997
0082f
00000
01051
03a7d
01a89
007ef
00000
00000
02b82
02d0f
00cb5
00000
00000
00000
00ad8
02746
00ea6
00000
00000
00000
00000
00000
00000
00000
00000
00000
00000
01bfd
01c4d
0149b
00000
00000
0386e
03182
002ef
00c7f
00000
00000
02e0e
02a08
00447
00000
00000
00000
001e6
00a7d
00000
00000
00000
00000
00000
00000
00000
00000
00000
00000
00000
00563
015ee
006a4
00000
007c6
03f6f
01448
00000
00a05
